run
254378
254381
254394
254395
254396
254419
254422
254476
254479
254487
254495
254529
254530
254553
254559
254564
254568
254576
254577
254578
254581
254586
254589
254604
254606
254607
254608
254619
254621
254627
254629
254630
254632
254640
254644
254646
254648
254649
254653
254654
254670
254673
254691
254701
254704
254706
254735
254750
254761
254766
254846
254848
254854
254857
254877
254914
254915
254933
254983
254984
255008
255009
255010
255039
255042
255068
255071
255073
255074
255075
255076
255079
255082
255085
255086
255091
255111
255135
255136
255138
255154
255159
255162
255167
255171
255173
255176
255177
255180
255182
255210
255211
255240
255242
255247
255248
255249
255251
255252
255253
255255
255256
255275
255276
255278
255280
255283
255350
255351
255352
255398
255402
255407
255440
255442
255447
255463
255465
255466
255467
255469