run
238474
238472
238470
238469
238468
238466
238460
238459
238458
238457
238456
238455
238454
238451
238432
238431
238429
238400
238396
238187
238185
238184
238179
238176
238170
238164
238160
238159
238154
238148
238147
238145
238144
238142
238140
238139
238133
238132
238131
238129
238097
238091
238073
237983
237982
237978
237969
237948
237945
237847
237845
237844
237842
237806
237796
237795
237793
237791
237790
237789
237787
237782
237780
237779
237777
237768
237765
237713
237711
237710
237708
237707
237706
237705
237699
237698
237678
237676
237675
237671
237645
237515
237514
237512
237507
237505
237504
237502
237409
237408
237406
237401
237400
237397
237396
237394
237391
237372
237368
237364
237289
237288
237286
237115
237112
237111
237104
237051
237049
237029
237001
236973
236972
236969
236968
236965