236159,
236357,
236360,
236446,
236547,
236560,
236541,
236554,
236557,

run
236137,
236138,
236150,
236151,
236153,
236158,
236161,
236163,
236204,
236222,
236227,
236234,
236238,
236240,
236242,
236244,
236246,
236248,
236348,
236349,
236352,
236353,
236354,
236356,
236359,
236386,
236389,
236393,
236395,
236397,
236441,
236443,
236444,
236556,
236558,
236562,
236563,
236564,
236565,
236813,
236814,
236815,
236816,
236818,
236821,
236822,
236824,
236835,
236848,
236850,
236860,
236862,
236863,
236866,