000294009
000294010
000294011
000294012
000294013
000294128
000294131
000294152
000294154
000294155
000294156
000294199
000294200
000294201
000294205
000294208
000294210
000294212
000294241
000294242
000294305
000294307
000294308
000294310
000294502
000294503
000294524
000294525
000294526
000294527
000294529
000294530
000294531
000294553
000294556
000294558
000294562
000294563
000294586
000294587
000294588
000294590
000294591
000294593
000294620
000294632
000294633
000294634
000294636
000294653
000294703
000294710
000294715
000294716
000294718
000294721
000294722
000294741
000294742
000294743
000294744
000294745
000294746
000294747
000294749
000294769
000294772
000294774
000294775
000294805
000294809
000294813
000294816
000294817
000294818
000294852
000294875
000294877
000294880
000294883
000294884
000294916
000294925
