280140
280135
280134
280131
280126
280118
280114
280111
280108
280107
280066
280052
280051
279880
279879
279855
279854
279853
279826
279773
279749
279747
279719
279718
279715
279689
279688
279687
279684
279683
279682
279679
279676
279642
279641
279632
279630
279559
279550
279491
279488
279487
279483
279441
279439
279435
279410
279355
279354
279349
279344
279342
279310
279309
279274
279273
279270
279268
279267
279265
279264
279242
279238
279235
279234
279232
279208
279207
279201
279199
279157
279155
279130
279123
279122
279118
279117
279107
279106
279075
279074
279073
279069
279068
279044
279043
279041
279036
279035
279007
279005
279000
278999
278964
278963
278960
278959
278941
278939
278936
278915
278914
