256512
256556
256557
256560
256561
256562
256564
256565
256567
256589
256591
256592
256619
256620
256658
256676
256677
256681
256691
256692
256695
256697
256942
257206
257209
257224
257358
257364
257433
257487
257488
257490
257491
257530
257531
257540
257541
257560
257562
257563
257564
257565
257566
257587
257588
257590
257592
257594
257595
257601
257604
257605
257606
257630
257632
257635
257636
257642
257644
257682
257684
257685
257687
257688
257689
257692
257697
257725
257727
257733
257734
257735
257737
257754
257757
257765
257773
257797
257798
257799
257800
257803
257804
257850
257851
257853
257893
257901
257912
257932
257936
257937
257939
257957
257958
257960
257979
257986
257989
257992
258003
258008
258019
258039
258041
258045
258048
258049
258053
258059
258060
258062
258063
258107
258108
258109
258113
258114
258117
258178
258197
258198
258202
258203
258204
258256
258257
258258
258259
258270
258271
258274
258278
258280
258301
258302
258303
258307
258332
258336
258359
258388
258391
258393
258399
258452
258454
258456
258477
258498
258499
258537
