235226
235242
235245
235344
235345
235346
235347
235356
235362
235364
235380
235383
235423
235432
235435
235436
235443
235450
235454
235462
235547
235573
235684
235685
235687
235694
235710
235714
235721
235759
235811
235813
235839
235841
235886
235888
235889
235890
235891
235892
235893
235895
235896
235897
235898
236062
236138
236151
236153
236158
236159
236161
236163
236203
236222
236227
236234
236238
236242
236244
236246
236248
236281
236337
236348
236354
236357
236360
236386
236389
236393
236395
236441
236443
236444
236453
236459
236557