262424
262425
262426
262428
262430
262450
262451
262487
262489
262490
262492
262528
262532
262533
262537
262563
262567
262568
262569
262570
262571
262572
262574
262578
262583
262593
262594
262624
262628
262632
262635
262705
262706
262708
262713
262717
262719
262723
262725
262727
262760
262768
262776
262777
262778
262841
262842
262844
262847
262849
262853
262855
262858
263331
263332
263487
263490
263496
263497
263529
263647
263652
263653
263654
263657
263662
263663
263682
263689
263690
263691
263737
263738
263739
263741
263743
263744
263784
263785
263786
263787
263790
263792
263793
263803
263810
263861
263863
263866
263905
263916
263917
263920
263923
263977
263978
263979
263981
263984
263985
264033
264035