257682
257684
257685
257687
257688
257689
257691
257692
257694
257697
257724
257725
257727
257733
257734
257735
257737
257754
257757
257765
257773
257797
257798
257799
257800
257803
257804
257850
257851
257853
257855
257892
257893
257901
257912
257932
257936
257937
257939
257957
257958
257960
257963
257979
257986
257989
257992
258003
258008
258012
258014
258017
258019
258039
258041
258042
258045
258048
258049
258053
258059
258060
258062
258063
258107
258108
258109
258113
258114
258117
258178
258197
258198
258202
258203
258204
258256
258257
258258
258270
258271
258273
258274
258278
258280
258299
258301
258302
258303
258306
258307
258332
258336
258359
258387
258388
258391
258393
258426
258452
258454
258456
258477
258498
258499
258537