276508
276507
276506
276462
276439
276438
276437
276435
276429
276351
276348
276312
276307
276302
276297
276294
276292
276291
276290
276259
276257
276230
276205
276178
276177
276170
276169
276166
276141
276140
276135
276108
276105
276104
276102
276099
276098
276097
276045
276041
276040
276020
276019
276017
276013
276012
275925
275924
275847
275664
275661
275657
275650
275648
275647
275624
275623
275616
275615
275612
275559
275558
275515
275472
275471
275467
275459
275457
275456
275453
275452
275448
275443
275406
275404
275401
275395
275394
275372
275369
275361
275360
275333
275332
275328
275326
275324
275322
275314
275283
275247
275246
275245
275239
275173
275151
275150
275149
275076
275075
275073
275068
274889
274886
274884
274883
274882
274878
274821
274817
274815
274811
274807
274806
274803
274802
274801
274736
274708
274690
