000289240
000289241
000289242
000289243
000289247
000289249
000289253
000289254
000289275
000289276
000289277
000289278
000289280
000289281
000289300
000289303
000289306
000289308
000289309
000289353
000289354
000289355
000289356
000289363
000289365
000289366
000289367
000289368
000289369
000289370
000289373
000289374
000289426
000289444
000289462
000289463
000289465
000289466
000289468
000289493
000289494
000289521
000289547
000289574
000289576
000289577
000289582
000289625
000289657
000289658
000289659
000289660
000289664
000289666
000289721
000289723
000289724
000289729
000289731
000289732
000289757
000289775
000289808
000289811
000289814
000289815
000289816
000289817
000289818
000289830
000289849
000289852
000289854
000289855
000289856
000289857
000289879
000289880
000289884
000289928
000289940
000289941
000289943
000289965
000289966
000289971
